{
 "cells": [
  {
   "cell_type": "code",
   "execution_count": 22,
   "metadata": {},
   "outputs": [],
   "source": [
    "import numpy as np\n",
    "from numpy.linalg import inv\n",
    "import scipy.io\n",
    "import utils.starplus_utils as starp\n",
    "from numpy.linalg import norm\n",
    "from sklearn.model_selection import train_test_split\n",
    "from tensor.mode_k import modek_unfold\n",
    "from numpy.linalg import svd\n",
    "from sklearn.utils.extmath import randomized_svd\n",
    "from scipy.stats import ortho_group"
   ]
  },
  {
   "cell_type": "code",
   "execution_count": 23,
   "metadata": {},
   "outputs": [],
   "source": [
    "def New_M_Matrix(dimension,bandwidth):\n",
    "    A = np.eye(dimension)\n",
    "    for i in range(0, -bandwidth, -1):\n",
    "        A += np.eye(dimension, k = i -1)\n",
    "    for i in range(dimension):\n",
    "        temp = np.sum(A[i])\n",
    "        for k in range(dimension):\n",
    "            if A[i][k] == 1:\n",
    "                A[i][k] = 1/temp\n",
    "    return A"
   ]
  },
  {
   "cell_type": "code",
   "execution_count": 24,
   "metadata": {},
   "outputs": [],
   "source": [
    "num_classes = 2\n",
    "star_plus_data = scipy.io.loadmat('data-starplus-04847-v7.mat')\n",
    "tensor_PS, labels = starp.get_labels(star_plus_data)\n",
    "tensor_PS  = tensor_PS / norm(tensor_PS)\n",
    "training_data, test_data, training_labels, test_labels = train_test_split(np.moveaxis(tensor_PS, -1, 0), np.transpose(labels), test_size=0.33, random_state=42)"
   ]
  },
  {
   "cell_type": "code",
   "execution_count": 25,
   "metadata": {},
   "outputs": [
    {
     "name": "stdout",
     "output_type": "stream",
     "text": [
      "(64, 53, 64, 8, 16)\n",
      "(64, 27, 64, 8, 16)\n"
     ]
    }
   ],
   "source": [
    "training_data = np.moveaxis(training_data, 0, 1)\n",
    "test_data = np.moveaxis(test_data, 0, 1)\n",
    "print(training_data.shape)\n",
    "print(test_data.shape)"
   ]
  },
  {
   "cell_type": "code",
   "execution_count": 26,
   "metadata": {},
   "outputs": [],
   "source": [
    "u, _,_ = randomized_svd(modek_unfold(training_data[:, :, :, :, :],4), n_components=16, n_iter=5, random_state=20)"
   ]
  },
  {
   "cell_type": "code",
   "execution_count": 27,
   "metadata": {},
   "outputs": [
    {
     "name": "stdout",
     "output_type": "stream",
     "text": [
      "(16, 16)\n"
     ]
    }
   ],
   "source": [
    "print(u.shape)"
   ]
  },
  {
   "cell_type": "code",
   "execution_count": 28,
   "metadata": {},
   "outputs": [
    {
     "name": "stdout",
     "output_type": "stream",
     "text": [
      "[[ 2.17688399e-01 -2.65779427e-01  3.86186132e-01  4.09039160e-01\n",
      "  -9.37934341e-02 -2.61860516e-02  3.49594997e-01  5.17461523e-02\n",
      "   9.27342439e-02  2.38048988e-01  4.18618225e-01  2.03036251e-01\n",
      "   2.63396052e-01 -2.42725682e-01 -1.40160747e-01 -3.83781178e-02]\n",
      " [ 2.35684855e-01 -3.12115027e-01  3.32555216e-01  1.61297724e-01\n",
      "   5.95854590e-03  4.36152403e-01 -2.30927159e-02  1.15413767e-01\n",
      "   1.88291603e-01  3.70053572e-03 -8.98057311e-02 -3.63458140e-01\n",
      "  -3.77447366e-01  3.67637152e-01  2.29599276e-01  1.83076411e-02]\n",
      " [ 2.34164437e-01 -3.13853865e-01  1.90304162e-01 -3.60280242e-01\n",
      "  -1.95530728e-01  2.99618303e-01 -1.28013960e-01  1.12912207e-01\n",
      "  -3.46992268e-01 -5.03477048e-03 -4.20407571e-01  1.29219766e-01\n",
      "   9.41886435e-02 -3.97605438e-01 -2.04979430e-01 -2.56456352e-02]\n",
      " [ 2.38076233e-01 -3.04807063e-01  8.85999312e-02 -1.60331848e-01\n",
      "  -3.41386324e-01 -3.70742968e-01 -3.16168994e-02 -2.57022263e-01\n",
      "  -1.69498621e-01 -3.25351346e-01  8.17604931e-02  2.73515570e-01\n",
      "   1.15221532e-01  4.41381862e-01  2.48714558e-01  9.88400854e-02]\n",
      " [ 2.41816480e-01 -2.79745863e-01 -7.28363565e-02  1.68833466e-01\n",
      "   2.00127723e-01 -3.47915670e-01 -4.25651191e-01 -1.92546322e-01\n",
      "   7.33954728e-02 -2.66983190e-01  1.54634336e-01 -2.12425448e-01\n",
      "  -3.28040176e-01 -3.25309623e-01 -2.71522167e-01 -1.31314368e-01]\n",
      " [ 2.46641469e-01 -2.25506241e-01 -1.73536729e-01 -6.65679856e-02\n",
      "   5.29077489e-01 -6.33063464e-02 -6.35900823e-02 -2.15221112e-01\n",
      "  -2.22146394e-01  4.40321906e-01 -4.07309473e-02 -2.23619833e-01\n",
      "   3.63448433e-01  6.93423946e-02  2.22767399e-01  1.95060077e-01]\n",
      " [ 2.52194396e-01 -1.52717700e-01 -2.61566975e-01 -2.94973402e-01\n",
      "   1.36682545e-01 -7.95742043e-02  3.88472011e-01 -1.01976670e-01\n",
      "   3.90535142e-01  2.17688492e-01 -1.93047410e-01  2.61133041e-01\n",
      "  -2.28865585e-01  1.79423045e-01 -2.65338653e-01 -3.33143143e-01]\n",
      " [ 2.55715901e-01 -8.05787870e-02 -3.20888886e-01 -1.88588643e-01\n",
      "  -1.31362956e-01 -5.20557858e-03 -1.29938748e-01  4.42696495e-01\n",
      "   4.95260866e-01 -6.50973871e-02  1.36729747e-01  4.86658374e-02\n",
      "   1.20129067e-01 -2.42376466e-01  2.84666212e-01  3.66929033e-01]\n",
      " [ 2.57647427e-01  2.89074836e-02 -3.52608417e-01  1.06616759e-01\n",
      "  -1.01852391e-01 -2.80949944e-02 -2.42747799e-02  5.55468016e-01\n",
      "  -4.45373720e-01  5.07908129e-02  2.29443182e-01 -1.09490913e-01\n",
      "  -1.20592548e-03  2.32881250e-01 -7.80596649e-02 -3.88441472e-01]\n",
      " [ 2.70156843e-01  1.07817091e-01 -2.60102549e-01  4.00242057e-01\n",
      "  -1.70057980e-02 -4.85088487e-02  4.57459005e-01 -3.53130062e-02\n",
      "  -2.24514560e-01 -2.21142235e-01 -3.32322821e-01 -2.66049119e-02\n",
      "  -1.98824316e-01 -9.74362050e-02 -7.06284539e-02  4.58165258e-01]\n",
      " [ 2.67648390e-01  1.73928058e-01 -1.61802329e-01  2.54571451e-01\n",
      "   1.04513828e-01  3.90134282e-01 -7.52658600e-02 -2.53327397e-01\n",
      "   1.59771513e-01 -3.99783489e-01 -1.08356227e-01  1.16888120e-01\n",
      "   4.03897323e-01 -4.77060075e-02  1.83907359e-01 -4.05179748e-01]\n",
      " [ 2.64962697e-01  2.57453706e-01 -1.10820404e-01 -1.87948532e-01\n",
      "  -7.59708015e-02  4.37389352e-01 -1.45938652e-01 -3.08806883e-01\n",
      "  -9.50999555e-02  8.18953160e-02  4.81208349e-01  1.18903066e-01\n",
      "  -1.47779020e-01  1.22386745e-01 -3.28317605e-01  3.10009506e-01]\n",
      " [ 2.64064349e-01  3.07368284e-01  2.11494262e-02 -1.14747620e-01\n",
      "  -4.43564695e-01 -1.45887264e-01  1.08698060e-01 -2.91004470e-01\n",
      "  -2.46910801e-02  3.01445477e-01  1.25811325e-02 -3.34136315e-01\n",
      "  -1.60545770e-01 -2.99205012e-01  3.67649947e-01 -2.32162415e-01]\n",
      " [ 2.54703902e-01  2.96239341e-01  1.63311843e-01  2.50475672e-01\n",
      "  -2.02195475e-01 -2.15810851e-01 -3.98520826e-01  7.54490356e-02\n",
      "   2.20812695e-01  2.79248353e-01 -3.70221543e-01  2.77468941e-03\n",
      "   2.21071057e-01  2.67514889e-01 -3.33231463e-01  1.03446606e-01]\n",
      " [ 2.49487149e-01  3.25509971e-01  3.09177106e-01 -5.15288027e-04\n",
      "   3.94610142e-01 -1.01937134e-01 -1.36743859e-01  1.78198873e-01\n",
      "  -1.38793428e-01  5.19901299e-02 -1.27566075e-02  5.16475257e-01\n",
      "  -3.34692765e-01 -8.50504980e-02  3.32781289e-01 -2.78276131e-02]\n",
      " [ 2.43301397e-01  2.90558366e-01  3.69105487e-01 -3.84777051e-01\n",
      "   2.44479729e-01 -1.59832726e-01  2.84062667e-01  1.54788770e-01\n",
      "   4.80550658e-02 -3.62051815e-01  8.92362533e-02 -3.88044324e-01\n",
      "   2.19822842e-01  4.62830868e-02 -1.98306460e-01  1.99513461e-02]]\n"
     ]
    }
   ],
   "source": [
    "print(u)"
   ]
  },
  {
   "cell_type": "code",
   "execution_count": 29,
   "metadata": {},
   "outputs": [],
   "source": [
    "x = ortho_group.rvs(64)"
   ]
  },
  {
   "cell_type": "code",
   "execution_count": 30,
   "metadata": {},
   "outputs": [
    {
     "name": "stdout",
     "output_type": "stream",
     "text": [
      "[[ 1.00000000e+00 -5.22702803e-17  1.37582822e-17 ...  8.50014503e-17\n",
      "  -2.08166817e-17 -8.32667268e-17]\n",
      " [-5.22702803e-17  1.00000000e+00 -1.41951835e-17 ...  7.80625564e-17\n",
      "   8.32667268e-17 -5.55111512e-17]\n",
      " [ 1.37582822e-17 -1.41951835e-17  1.00000000e+00 ... -9.19403442e-17\n",
      "  -6.93889390e-18 -1.70002901e-16]\n",
      " ...\n",
      " [ 8.50014503e-17  7.80625564e-17 -9.19403442e-17 ...  1.00000000e+00\n",
      "  -4.77467955e-17  5.20417043e-16]\n",
      " [-2.08166817e-17  8.32667268e-17 -6.93889390e-18 ... -4.77467955e-17\n",
      "   1.00000000e+00  3.46944695e-17]\n",
      " [-8.32667268e-17 -5.55111512e-17 -1.70002901e-16 ...  5.20417043e-16\n",
      "   3.46944695e-17  1.00000000e+00]]\n"
     ]
    }
   ],
   "source": [
    "print(x.T@x)"
   ]
  },
  {
   "cell_type": "code",
   "execution_count": null,
   "metadata": {},
   "outputs": [],
   "source": []
  }
 ],
 "metadata": {
  "kernelspec": {
   "display_name": "Python 3",
   "language": "python",
   "name": "python3"
  },
  "language_info": {
   "codemirror_mode": {
    "name": "ipython",
    "version": 3
   },
   "file_extension": ".py",
   "mimetype": "text/x-python",
   "name": "python",
   "nbconvert_exporter": "python",
   "pygments_lexer": "ipython3",
   "version": "3.7.6"
  }
 },
 "nbformat": 4,
 "nbformat_minor": 4
}
